1.934753358879995444e+00
1.507228557496984589e+00
1.351626390269939026e+00
1.233233865310114918e+00
1.284897223566178637e+00
1.222304482135643022e+00
1.250956133269880644e+00
1.215254786832792533e+00
1.232527061492557197e+00
1.210625161592522092e+00
1.207540945188143588e+00
1.220743391309156767e+00
1.206833164794935298e+00
1.204649249020172785e+00
1.213596788379092350e+00
1.204365353309895914e+00
1.202749661363661460e+00
1.209103170275767303e+00
1.202714884525599270e+00
1.201461878041275355e+00
1.200289272396282358e+00
1.206270161012838571e+00
1.201386923139734941e+00
1.200444636326999381e+00
1.199570629476096606e+00
1.204189079407675944e+00
1.200534111365356482e+00
1.199744945251749018e+00
1.199093615977463667e+00
1.202690678161092874e+00
1.199968455300856052e+00
1.199257675047742833e+00
1.198768343848731321e+00
1.198388580677403059e+00
1.201696199711947965e+00
1.199546568696320703e+00
1.198887791643695078e+00
1.198507683701573567e+00
1.198170832476676884e+00
1.200886711185016331e+00
1.199258344791213515e+00
1.198625310649421571e+00
1.198328146469509914e+00
1.198015801506095768e+00
1.197828047359586368e+00
1.200310997516874201e+00
1.199065351609540420e+00
1.198416777465653338e+00
1.198195251187982535e+00
1.197886658111340541e+00
