6.473557692307692069e-01
6.620192307692307487e-01
6.656250000000000222e-01
6.689903846153846256e-01
6.706730769230768718e-01
6.721153846153846700e-01
6.701923076923076428e-01
6.740384615384615863e-01
6.730769230769231282e-01
6.759615384615385025e-01
6.750000000000000444e-01
6.766826923076922906e-01
6.778846153846154188e-01
6.778846153846154188e-01
6.788461538461538769e-01
6.793269230769231060e-01
6.783653846153846478e-01
6.786057692307692069e-01
6.795673076923076650e-01
6.783653846153846478e-01
6.810096153846153522e-01
6.831730769230769384e-01
6.798076923076923350e-01
6.814903846153845812e-01
6.829326923076922684e-01
6.829326923076922684e-01
6.800480769230768940e-01
6.829326923076922684e-01
6.817307692307692513e-01
6.817307692307692513e-01
6.819711538461538103e-01
6.824519230769230393e-01
6.822115384615384803e-01
6.831730769230769384e-01
6.826923076923077094e-01
6.834134615384614975e-01
6.834134615384614975e-01
6.838942307692307265e-01
6.834134615384614975e-01
6.831730769230769384e-01
6.846153846153846256e-01
6.843749999999999556e-01
6.846153846153846256e-01
6.843749999999999556e-01
6.848557692307691847e-01
6.843749999999999556e-01
6.858173076923076428e-01
6.848557692307691847e-01
6.860576923076923128e-01
6.855769230769230838e-01
