6.473557692307692069e-01
6.586538461538461453e-01
6.615384615384615197e-01
6.634615384615384359e-01
6.612980769230769607e-01
6.605769230769230616e-01
6.620192307692307487e-01
6.634615384615384359e-01
6.639423076923076650e-01
6.649038461538461231e-01
6.651442307692307931e-01
6.651442307692307931e-01
6.649038461538461231e-01
6.668269230769230393e-01
6.665865384615384803e-01
6.658653846153845812e-01
6.656250000000000222e-01
6.663461538461538103e-01
6.668269230769230393e-01
6.677884615384614975e-01
6.680288461538461675e-01
6.677884615384614975e-01
6.692307692307691847e-01
6.694711538461538547e-01
6.697115384615384137e-01
6.694711538461538547e-01
6.694711538461538547e-01
6.709134615384615419e-01
6.701923076923076428e-01
6.697115384615384137e-01
6.699519230769230838e-01
6.699519230769230838e-01
6.689903846153846256e-01
6.689903846153846256e-01
6.682692307692307265e-01
6.680288461538461675e-01
6.680288461538461675e-01
6.682692307692307265e-01
6.675480769230769384e-01
6.677884615384614975e-01
6.685096153846153966e-01
6.692307692307691847e-01
6.694711538461538547e-01
6.701923076923076428e-01
6.701923076923076428e-01
6.701923076923076428e-01
6.701923076923076428e-01
6.697115384615384137e-01
6.697115384615384137e-01
6.697115384615384137e-01
