6.473557692307692069e-01
6.632211538461538769e-01
6.644230769230768940e-01
6.653846153846153522e-01
6.675480769230769384e-01
6.680288461538461675e-01
6.677884615384614975e-01
6.694711538461538547e-01
6.680288461538461675e-01
6.711538461538461009e-01
6.701923076923076428e-01
6.718750000000000000e-01
6.692307692307691847e-01
6.728365384615384581e-01
6.723557692307692291e-01
6.730769230769231282e-01
6.728365384615384581e-01
6.757211538461538325e-01
6.752403846153846034e-01
6.769230769230769607e-01
6.764423076923077316e-01
6.750000000000000444e-01
6.754807692307692735e-01
6.752403846153846034e-01
6.759615384615385025e-01
6.764423076923077316e-01
6.764423076923077316e-01
6.769230769230769607e-01
6.764423076923077316e-01
6.771634615384615197e-01
6.766826923076922906e-01
6.778846153846154188e-01
6.769230769230769607e-01
6.778846153846154188e-01
6.781249999999999778e-01
6.778846153846154188e-01
6.788461538461538769e-01
6.790865384615384359e-01
6.793269230769231060e-01
6.793269230769231060e-01
6.805288461538461231e-01
6.819711538461538103e-01
6.805288461538461231e-01
6.819711538461538103e-01
6.824519230769230393e-01
6.819711538461538103e-01
6.822115384615384803e-01
6.826923076923077094e-01
6.814903846153845812e-01
6.817307692307692513e-01
